nqLocal_search_nosame
3 1 4 2 
2 4 1 3 
3 7 2 8 6 4 1 5 
6 2 7 1 3 5 8 4 
6 3 7 2 8 5 1 4 
1 6 8 3 7 4 2 5 
1 5 8 6 3 7 2 4 
3 8 4 7 1 6 2 5 
4 2 7 3 6 8 1 5 
5 1 8 4 2 7 3 6 
4 7 5 2 6 1 3 8 
6 3 5 8 1 4 2 7 
11 9 5 15 4 1 7 16 14 8 2 13 3 6 12 10 
4 7 11 6 12 16 13 8 3 14 2 9 5 1 10 15 
5 14 10 13 7 4 1 16 12 15 8 2 9 6 3 11 
9 3 10 15 11 5 16 6 13 2 7 14 8 1 12 4 
12 14 6 8 10 1 3 16 2 4 11 9 5 15 13 7 
10 3 7 4 15 12 5 13 6 9 2 14 16 8 1 11 
11 14 7 13 2 12 6 1 5 10 16 3 15 9 4 8 
4 13 5 9 14 6 15 12 16 1 7 2 11 3 8 10 
9 13 8 2 15 6 1 5 10 12 14 16 4 7 3 11 
10 2 6 16 9 11 1 5 15 8 4 14 3 13 7 12 
8 6 1 16 5 20 27 21 19 12 14 30 10 2 26 32 18 3 25 13 29 31 28 15 7 4 22 24 9 17 23 11 
8 17 31 10 28 4 18 16 19 13 24 3 25 6 2 21 5 14 23 1 30 7 20 26 11 15 22 27 29 9 32 12 
5 19 21 23 15 11 27 24 3 8 2 13 28 9 14 30 20 29 16 32 1 22 25 31 6 10 12 17 4 26 7 18 
30 14 21 9 29 13 28 17 19 7 15 18 27 8 6 4 1 11 20 3 32 25 31 22 24 12 23 5 16 2 26 10 
14 27 6 21 32 20 31 23 15 11 19 22 7 26 24 3 10 4 30 12 25 1 18 29 8 2 9 17 13 5 16 28 
14 18 9 31 22 28 16 20 10 21 5 32 13 19 7 2 25 3 26 4 11 15 6 1 29 23 30 24 27 17 12 8 
9 11 21 18 4 25 23 28 26 8 1 15 24 6 27 13 2 20 14 30 7 3 16 29 19 22 5 12 17 31 10 32 
29 10 21 16 30 2 4 9 25 27 17 3 18 7 14 6 32 1 22 12 5 26 23 31 19 28 13 15 24 8 11 20 
15 23 9 29 24 22 4 26 14 21 7 32 28 13 25 5 19 8 1 12 30 2 16 11 20 17 3 31 27 18 6 10 
28 32 12 23 7 22 13 9 4 30 15 20 1 27 29 19 8 5 3 17 26 2 16 31 11 25 6 18 21 24 14 10 
----------------------------------------------

9 15 22 31 27 20 13 25 6 3 11 2 29 17 30 7 26 19 5 32 8 18 21 12 14 4 1 23 28 24 10 16 
13 20 17 2 25 15 10 1 22 27 30 11 19 21 4 18 9 6 29 31 12 5 24 28 3 23 32 8 14 16 26 7 
24 3 14 32 25 15 17 5 11 27 4 6 21 28 20 7 16 30 9 23 8 22 29 31 13 1 19 12 2 26 10 18 
11 6 25 9 28 21 13 15 5 19 29 23 2 31 27 1 7 4 12 18 22 10 14 32 24 20 30 8 26 17 3 16 
19 22 32 11 20 8 30 5 9 2 6 16 18 25 28 26 23 1 7 10 15 31 24 3 21 12 14 4 27 29 13 17 
16 6 15 23 21 7 24 4 12 10 32 20 26 28 9 13 19 1 29 31 2 8 18 11 30 14 17 5 27 22 3 25 
27 9 22 1 10 12 5 31 21 26 24 14 8 3 19 16 32 11 29 2 6 30 17 20 28 25 15 18 4 7 23 13 
24 3 18 13 22 20 9 30 21 5 2 11 31 25 28 19 14 23 26 8 29 7 17 10 12 16 27 32 4 6 1 15 
